1 10 20
100 200 125
201 210 89
900 1000 174
1 1 1
2 1 2
100 1 119
1 100 119
12 1200 182
45 46 17
100 1000 179
200 3000 217
10 15 18
1 5555 238
25 255 128
31 2014 182
120 8 119
70 140 122
100 101 26
69 420 144
987987 990000 352
2937 29347 308
4001 5001 215
30450 123440 354
1234 1234 133
1111 2222 182
333 444 134
555 666 145
987 7654 262
876 9872 262
654123 987123 525
65423 987432 525
1 1000000 525
1 10 20
11 20 21
21 30 112
31 40 107
41 50 110
51 60 113
61 70 108
71 80 116
81 90 111
91 100 119
101 110 114
111 120 70
121 130 122
131 140 91
141 150 117
151 160 86
161 170 112
171 180 125
181 190 107
191 200 120
10 1 20
20 11 21
30 21 112
40 31 107
50 41 110
60 51 113
70 61 108
80 71 116
90 81 111
100 91 119
110 101 114
120 111 70
130 121 122
170 161 112
180 171 125
190 181 107
200 191 120
831807 700119 504
871117 92662 525
119306 189528 383
823526 829244 419
638158 697484 442
487553 93387 449
907991 978979 507
780405 149203 509
968176 364162 525
736279 155209 509
105619 271195 443
783739 880111 525
880555 912829 476
608524 569552 434
828894 520008 509
206893 608898 470
848995 78303 525
154508 657937 509
202276 658169 509
413799 565091 470
917011 38379 525
65895 115440 354
112367 280471 443
516963 286166 470
677241 30154 509
109097 748028 509
393355 773315 509
171554 20657 383
3999 5001 215
140 131 91
150 141 117
160 151 86
449830 444913 369
100428 155388 375
907108 238308 525
409943 26443 443
967310 344553 525
797156 524970 509
241551 782668 509
10001 20000 279
20001 30000 308
30001 40000 324
40001 50000 314
50001 60000 340
60001 70000 335
70001 80000 351
80001 90000 333
90001 100000 333
900001 910000 445
910001 920000 476
920001 930000 476
930001 940000 507
940001 950000 383
950001 960000 414
960001 970000 414
970001 980000 458
980001 990000 427
990001 1000000 440
